Date	Visitors	Flag Counter Views
June 11, 2018	306	379
June 10, 2018	179	237
June 9, 2018	180	249
June 8, 2018	250	339
June 7, 2018	304	392
June 6, 2018	254	314
June 5, 2018	338	470
June 4, 2018	326	449
June 3, 2018	210	293
June 2, 2018	182	240
June 1, 2018	219	284
May 31, 2018	261	380
May 30, 2018	323	529
May 29, 2018	354	513
May 28, 2018	333	472
May 27, 2018	186	234
May 26, 2018	175	220
May 25, 2018	229	265
May 24, 2018	296	378
May 23, 2018	286	365
May 22, 2018	283	373
May 21, 2018	287	352
May 20, 2018	162	201
May 19, 2018	153	192
May 18, 2018	219	261
May 17, 2018	282	354
May 16, 2018	307	402
May 15, 2018	327	470
May 14, 2018	296	391
May 13, 2018	193	234
May 12, 2018	161	221
May 11, 2018	225	289
May 10, 2018	271	332
May 9, 2018	256	324
May 8, 2018	309	384
May 7, 2018	271	341
May 6, 2018	182	257
May 5, 2018	161	234
May 4, 2018	221	270
May 3, 2018	297	401
May 2, 2018	270	345
May 1, 2018	138	154
April 30, 2018	144	202
April 29, 2018	113	153
April 28, 2018	190	241
April 27, 2018	273	343
April 26, 2018	287	344
April 25, 2018	316	427
April 24, 2018	303	387
April 23, 2018	297	375
April 22, 2018	203	268
April 21, 2018	204	268
April 20, 2018	214	262
April 19, 2018	238	322
April 18, 2018	233	283
April 17, 2018	253	311
April 16, 2018	271	336
April 15, 2018	180	239
April 14, 2018	177	239
April 13, 2018	167	227
April 12, 2018	249	322
April 11, 2018	244	302
April 10, 2018	223	269
April 9, 2018	242	310
April 8, 2018	233	313
April 7, 2018	127	144
April 6, 2018	75	91
April 5, 2018	100	121
April 4, 2018	141	194
April 3, 2018	196	246
April 2, 2018	224	288
April 1, 2018	125	192
March 31, 2018	109	143
March 30, 2018	197	257
March 29, 2018	211	260
March 28, 2018	243	304
March 27, 2018	211	267
March 26, 2018	241	320
March 25, 2018	139	168
March 24, 2018	147	177
March 23, 2018	189	247
March 22, 2018	220	270
March 21, 2018	208	268
March 20, 2018	224	264
March 19, 2018	234	267
March 18, 2018	177	221
March 17, 2018	183	204
March 16, 2018	212	242
March 15, 2018	204	238
March 14, 2018	229	298
March 13, 2018	239	308
March 12, 2018	201	239
March 11, 2018	183	235
March 10, 2018	143	242
March 9, 2018	172	228
March 8, 2018	195	241
March 7, 2018	197	271
March 6, 2018	200	236
March 5, 2018	194	248
March 4, 2018	119	186
March 3, 2018	88	117
March 2, 2018	114	125
March 1, 2018	156	177
February 28, 2018	139	167
February 27, 2018	124	161
February 26, 2018	122	157
February 25, 2018	65	89
February 24, 2018	102	128
February 23, 2018	89	109
February 22, 2018	61	71
February 21, 2018	36	40
February 20, 2018	37	49
February 19, 2018	37	41
February 18, 2018	26	33
February 17, 2018	19	23
February 16, 2018	14	15
February 15, 2018	25	31
February 14, 2018	38	47
February 13, 2018	49	54
February 12, 2018	54	78
February 11, 2018	78	124
February 10, 2018	55	66
February 9, 2018	68	94
February 8, 2018	98	117
February 7, 2018	79	107
February 6, 2018	73	90
February 5, 2018	91	134
February 4, 2018	43	81
February 3, 2018	69	99
February 2, 2018	103	144
February 1, 2018	111	127
January 31, 2018	116	155
January 30, 2018	112	140
January 29, 2018	120	156
January 28, 2018	53	73
January 27, 2018	65	83
January 26, 2018	114	155
January 25, 2018	127	193
January 24, 2018	108	157
January 23, 2018	131	170
January 22, 2018	165	209
January 21, 2018	108	173
January 20, 2018	96	142
January 19, 2018	152	198
January 18, 2018	132	166
January 17, 2018	179	235
January 16, 2018	185	264
January 15, 2018	204	261
January 14, 2018	131	177
January 13, 2018	121	227
January 12, 2018	149	198
January 11, 2018	201	264
January 10, 2018	184	246
January 9, 2018	186	220
January 8, 2018	225	291
January 7, 2018	141	196
January 6, 2018	137	179
January 5, 2018	161	205
January 4, 2018	247	321
January 3, 2018	205	285
January 2, 2018	210	271
January 1, 2018	106	146
December 31, 2017	59	127
December 30, 2017	84	179
December 29, 2017	151	201
December 28, 2017	212	273
December 27, 2017	209	246
December 26, 2017	183	268
December 25, 2017	141	168
December 24, 2017	109	159
December 23, 2017	110	210
December 22, 2017	142	298
December 21, 2017	167	284
December 20, 2017	145	188
December 19, 2017	158	218
December 18, 2017	162	213
December 17, 2017	91	122
December 16, 2017	94	111
December 15, 2017	104	149
December 14, 2017	129	183
December 13, 2017	160	211
December 12, 2017	147	255
December 11, 2017	147	233
December 10, 2017	102	146
December 9, 2017	100	130
December 8, 2017	130	192
December 7, 2017	173	238
December 6, 2017	145	224
December 5, 2017	142	204
December 4, 2017	150	240
December 3, 2017	95	119
December 2, 2017	82	104
December 1, 2017	141	196
November 30, 2017	170	280
November 29, 2017	148	199
November 28, 2017	175	201
November 27, 2017	167	217
November 26, 2017	91	119
November 25, 2017	80	105
November 24, 2017	137	171
November 23, 2017	134	194
November 22, 2017	154	190
November 21, 2017	132	169
November 20, 2017	142	178
November 19, 2017	83	103
November 18, 2017	92	111
November 17, 2017	139	174
November 16, 2017	135	193
November 15, 2017	145	197
November 14, 2017	156	183
November 13, 2017	140	210
November 12, 2017	109	138
November 11, 2017	80	103
November 10, 2017	104	143
November 9, 2017	129	187
November 8, 2017	184	223
November 7, 2017	156	189
November 6, 2017	168	209
November 5, 2017	100	126
November 4, 2017	70	82
November 3, 2017	122	165
November 2, 2017	151	183
November 1, 2017	164	184
October 31, 2017	147	180
October 30, 2017	170	213
October 29, 2017	87	94
October 28, 2017	81	90
October 27, 2017	149	171
October 26, 2017	183	214
October 25, 2017	138	186
October 24, 2017	135	154
October 23, 2017	123	144
October 22, 2017	89	104
October 21, 2017	76	98
October 20, 2017	129	161
October 19, 2017	152	189
October 18, 2017	120	153
October 17, 2017	118	162
October 16, 2017	122	140
October 15, 2017	92	119
October 14, 2017	110	153
October 13, 2017	100	146
October 12, 2017	105	153
October 11, 2017	115	150
October 10, 2017	124	149
October 9, 2017	110	122
October 8, 2017	69	95
October 7, 2017	78	109
October 6, 2017	45	131
October 5, 2017	37	45
October 4, 2017	31	45
October 3, 2017	27	31
October 2, 2017	40	46
October 1, 2017	31	76
September 30, 2017	72	115
September 29, 2017	97	146
September 28, 2017	118	160
September 27, 2017	126	157
September 26, 2017	107	189
September 25, 2017	126	168
September 24, 2017	72	97
September 23, 2017	94	145
September 22, 2017	117	195
September 21, 2017	107	136
September 20, 2017	133	176
September 19, 2017	127	156
September 18, 2017	138	183
September 17, 2017	106	122
September 16, 2017	72	101
September 15, 2017	118	151
September 14, 2017	116	136
September 13, 2017	111	134
September 12, 2017	105	151
September 11, 2017	80	97
September 10, 2017	77	91
September 9, 2017	64	76
September 8, 2017	126	166
September 7, 2017	105	130
September 6, 2017	122	165
September 5, 2017	124	176
September 4, 2017	107	145
September 3, 2017	62	146
September 2, 2017	54	65
September 1, 2017	71	88
August 31, 2017	80	109
August 30, 2017	67	105
August 29, 2017	89	135
August 28, 2017	93	112
August 27, 2017	38	48
August 26, 2017	42	52
August 25, 2017	65	85
August 24, 2017	84	106
August 23, 2017	79	92
August 22, 2017	84	154
August 21, 2017	75	154
August 20, 2017	37	81
August 19, 2017	56	61
August 18, 2017	80	108
August 17, 2017	73	98
August 16, 2017	68	80
August 15, 2017	69	82
August 14, 2017	65	85
August 13, 2017	44	84
August 12, 2017	50	76
August 11, 2017	62	81
August 10, 2017	79	102
August 9, 2017	71	122
August 8, 2017	96	119
August 7, 2017	72	98
August 6, 2017	45	65
August 5, 2017	60	74
August 4, 2017	44	77
August 3, 2017	69	89
August 2, 2017	73	96
August 1, 2017	50	74
July 31, 2017	69	76
July 30, 2017	32	43
July 29, 2017	49	63
July 28, 2017	51	62
July 27, 2017	76	128
July 26, 2017	86	140
July 25, 2017	68	74
July 24, 2017	52	76
July 23, 2017	37	66
July 22, 2017	37	81
July 21, 2017	78	126
July 20, 2017	57	73
July 19, 2017	79	109
July 18, 2017	58	85
July 17, 2017	69	113
July 16, 2017	42	74
July 15, 2017	40	52
July 14, 2017	80	132
July 13, 2017	80	91
July 12, 2017	80	133
July 11, 2017	80	122
July 10, 2017	67	92
July 9, 2017	32	50
July 8, 2017	45	66
July 7, 2017	49	72
July 6, 2017	85	119
July 5, 2017	92	136
July 4, 2017	80	126
July 3, 2017	86	108
July 2, 2017	47	60
July 1, 2017	54	63
June 30, 2017	57	82
June 29, 2017	75	90
June 28, 2017	112	199
June 27, 2017	90	148
June 26, 2017	110	138
June 25, 2017	73	110
June 24, 2017	47	82
June 23, 2017	72	103
June 22, 2017	104	160
June 21, 2017	104	176
June 20, 2017	114	213
June 19, 2017	107	183
June 18, 2017	68	112
June 17, 2017	56	102
June 16, 2017	90	158
June 15, 2017	97	159
June 14, 2017	126	331
June 13, 2017	134	317
June 12, 2017	104	535
June 11, 2017	74	122
June 10, 2017	64	117
June 9, 2017	102	212
June 8, 2017	107	128
June 7, 2017	80	110
June 6, 2017	78	95
June 5, 2017	97	125
June 4, 2017	67	109
June 3, 2017	85	134
June 2, 2017	94	144
June 1, 2017	104	165
May 31, 2017	90	132
May 30, 2017	74	129
May 29, 2017	44	59
May 28, 2017	56	64
May 27, 2017	60	77
May 26, 2017	61	92
May 25, 2017	68	118
May 24, 2017	72	165
May 23, 2017	85	163
May 22, 2017	93	167
May 21, 2017	72	114
May 20, 2017	53	96
May 19, 2017	77	110
May 18, 2017	104	183
May 17, 2017	121	222
May 16, 2017	114	186
May 15, 2017	90	149
May 14, 2017	68	108
May 13, 2017	63	117
May 12, 2017	79	102
May 11, 2017	84	113
May 10, 2017	83	203
May 9, 2017	97	162
May 8, 2017	78	117
May 7, 2017	61	81
May 6, 2017	65	179
May 5, 2017	70	113
May 4, 2017	81	111
May 3, 2017	95	136
May 2, 2017	72	113
May 1, 2017	73	108
April 30, 2017	51	60
April 29, 2017	33	43
April 28, 2017	57	98
April 27, 2017	104	122
April 26, 2017	82	99
April 25, 2017	98	189
April 24, 2017	107	164
April 23, 2017	59	75
April 22, 2017	73	106
April 21, 2017	68	87
April 20, 2017	80	129
April 19, 2017	94	180
April 18, 2017	94	147
April 17, 2017	70	92
April 16, 2017	57	99
April 15, 2017	47	81
April 14, 2017	70	92
April 13, 2017	75	93
April 12, 2017	59	74
April 11, 2017	80	118
April 10, 2017	78	117
April 9, 2017	57	95
April 8, 2017	61	108
April 7, 2017	69	112
April 6, 2017	86	109
April 5, 2017	67	82
April 4, 2017	52	71
April 3, 2017	39	60
April 2, 2017	31	72
April 1, 2017	67	133
March 31, 2017	66	82
March 30, 2017	65	82
March 29, 2017	77	134
March 28, 2017	76	115
March 27, 2017	62	83
March 26, 2017	50	85
March 25, 2017	37	60
March 24, 2017	62	86
March 23, 2017	79	141
March 22, 2017	86	120
March 21, 2017	76	92
March 20, 2017	75	140
March 19, 2017	47	115
March 18, 2017	50	67
March 17, 2017	60	74
March 16, 2017	80	94
March 15, 2017	57	95
March 14, 2017	57	75
March 13, 2017	76	130
March 12, 2017	50	100
March 11, 2017	45	99
March 10, 2017	66	117
March 9, 2017	78	100
March 8, 2017	63	95
March 7, 2017	65	77
March 6, 2017	72	89
March 5, 2017	40	53
March 4, 2017	30	31
March 3, 2017	54	95
March 2, 2017	59	91
March 1, 2017	55	62
February 28, 2017	55	61
February 27, 2017	52	62
February 26, 2017	32	38
February 25, 2017	26	38
February 24, 2017	33	41
February 23, 2017	49	61
February 22, 2017	46	50
February 21, 2017	51	55
February 20, 2017	50	74
February 19, 2017	33	36
February 18, 2017	33	45
February 17, 2017	37	41
February 16, 2017	44	48
February 15, 2017	50	58
February 14, 2017	33	35
February 13, 2017	29	39
February 12, 2017	12	16
February 11, 2017	18	22
February 10, 2017	33	38
February 9, 2017	31	42
February 8, 2017	34	40
February 7, 2017	31	39
February 6, 2017	40	45
February 5, 2017	19	23
February 4, 2017	22	24
February 3, 2017	29	37
February 2, 2017	4	4
February 1, 2017	10	10
January 31, 2017	19	20
January 30, 2017	9	12
January 29, 2017	8	9
January 28, 2017	11	13
January 27, 2017	10	10
January 26, 2017	24	32
January 25, 2017	13	13
January 24, 2017	24	31
January 23, 2017	17	18
January 22, 2017	27	32
January 21, 2017	15	17
January 20, 2017	23	28
January 19, 2017	38	56
January 18, 2017	31	33
January 17, 2017	42	56
January 16, 2017	44	59
January 15, 2017	24	26
January 14, 2017	23	37
January 13, 2017	36	43
January 12, 2017	55	157
January 11, 2017	68	226
January 10, 2017	75	116
January 9, 2017	71	134
January 8, 2017	68	201
January 7, 2017	41	65
January 6, 2017	54	71
January 5, 2017	60	85
January 4, 2017	75	102
January 3, 2017	67	76
January 2, 2017	43	57
January 1, 2017	23	23
December 31, 2016	22	33
December 30, 2016	43	59
December 29, 2016	58	96
December 28, 2016	60	88
December 27, 2016	60	79
December 26, 2016	90	171
December 25, 2016	48	95
December 24, 2016	44	103
December 23, 2016	70	122
December 22, 2016	60	163
December 21, 2016	54	115
December 20, 2016	81	149
December 19, 2016	61	97
December 18, 2016	40	57
December 17, 2016	33	41
December 16, 2016	52	83
December 15, 2016	66	92
December 14, 2016	59	163
December 13, 2016	66	111
December 12, 2016	55	99
December 11, 2016	47	69
December 10, 2016	47	137
December 9, 2016	52	81
December 8, 2016	116	425
December 7, 2016	65	131
December 6, 2016	57	94
December 5, 2016	79	127
December 4, 2016	31	46
December 3, 2016	35	73
December 2, 2016	50	100
December 1, 2016	46	88
November 30, 2016	56	89
November 29, 2016	76	152
November 28, 2016	45	91
November 27, 2016	40	72
November 26, 2016	32	59
November 25, 2016	51	85
November 24, 2016	86	191
November 23, 2016	61	130
November 22, 2016	45	101
November 21, 2016	83	178
November 20, 2016	51	141
November 19, 2016	36	300
November 18, 2016	44	76
November 17, 2016	39	63
November 16, 2016	45	55
November 15, 2016	68	98
November 14, 2016	90	190
November 13, 2016	49	75
November 12, 2016	33	47
November 11, 2016	57	70
November 10, 2016	71	118
November 9, 2016	69	134
November 8, 2016	62	96
November 7, 2016	56	110
November 6, 2016	73	104
November 5, 2016	37	48
November 4, 2016	58	79
November 3, 2016	46	60
November 2, 2016	66	90
November 1, 2016	53	64
October 31, 2016	86	119
October 30, 2016	40	91
October 29, 2016	69	132
October 28, 2016	66	83
October 27, 2016	60	201
October 26, 2016	88	186
October 25, 2016	87	160
October 24, 2016	70	105
October 23, 2016	27	32
October 22, 2016	34	68
October 21, 2016	57	81
October 20, 2016	46	68
October 19, 2016	52	66
October 18, 2016	49	81
October 17, 2016	46	75
October 16, 2016	42	63
October 15, 2016	39	68
October 14, 2016	40	73
October 13, 2016	53	90
October 12, 2016	40	67
October 11, 2016	50	73
October 10, 2016	60	111
October 9, 2016	56	120
October 8, 2016	52	92
October 7, 2016	39	53
October 6, 2016	25	61
October 5, 2016	26	90
October 4, 2016	30	33
October 3, 2016	9	18
October 2, 2016	23	27
October 1, 2016	17	34
September 30, 2016	29	116
September 29, 2016	39	49
September 28, 2016	47	67
September 27, 2016	43	65
September 26, 2016	47	56
September 25, 2016	41	64
September 24, 2016	27	32
September 23, 2016	38	43
September 22, 2016	48	57
September 21, 2016	36	40
September 20, 2016	42	54
September 19, 2016	43	55
September 18, 2016	35	38
September 17, 2016	38	57
September 16, 2016	30	54
September 15, 2016	20	43
September 14, 2016	34	46
September 13, 2016	38	62
September 12, 2016	44	88
September 11, 2016	48	89
September 10, 2016	35	56
September 9, 2016	26	38
September 8, 2016	30	34
September 7, 2016	37	44
September 6, 2016	36	49
September 5, 2016	41	48
September 4, 2016	31	38
September 3, 2016	35	53
September 2, 2016	31	57
September 1, 2016	31	75
August 31, 2016	38	56
August 30, 2016	31	50
August 29, 2016	28	33
August 28, 2016	14	17
August 27, 2016	12	14
August 26, 2016	25	29
August 25, 2016	24	33
August 24, 2016	29	34
August 23, 2016	26	46
August 22, 2016	40	65
August 21, 2016	10	11
August 20, 2016	18	25
August 19, 2016	29	38
August 18, 2016	48	61
August 17, 2016	82	120
August 16, 2016	31	54
August 15, 2016	32	51
August 14, 2016	13	24
August 13, 2016	20	41
August 12, 2016	28	55
August 11, 2016	44	105
August 10, 2016	24	35
August 9, 2016	27	67
August 8, 2016	32	95
August 7, 2016	4	18
August 6, 2016	19	21
August 5, 2016	30	36
August 4, 2016	23	29
August 3, 2016	33	55
August 2, 2016	27	30
August 1, 2016	23	26
July 31, 2016	16	23
July 30, 2016	16	16
July 29, 2016	19	41
July 28, 2016	16	16
July 27, 2016	25	30
July 26, 2016	23	31
July 25, 2016	25	61
July 24, 2016	25	36
July 23, 2016	22	24
July 22, 2016	19	33
July 21, 2016	17	18
July 20, 2016	24	25
July 19, 2016	31	75
July 18, 2016	33	43
July 17, 2016	26	30
July 16, 2016	23	28
July 15, 2016	25	54
July 14, 2016	20	23
July 13, 2016	17	23
July 12, 2016	34	46
July 11, 2016	31	65
July 10, 2016	21	25
July 9, 2016	20	28
July 8, 2016	33	44
July 7, 2016	26	35
July 6, 2016	47	64
July 5, 2016	39	62
July 4, 2016	33	51
July 3, 2016	33	48
July 2, 2016	26	51
July 1, 2016	32	33
June 30, 2016	23	31
June 29, 2016	32	46
June 28, 2016	38	53
June 27, 2016	68	92
June 26, 2016	26	81
June 25, 2016	40	76
June 24, 2016	50	74
June 23, 2016	110	261
June 22, 2016	144	497
June 21, 2016	103	209
June 20, 2016	124	351
June 19, 2016	41	255
June 18, 2016	38	89
June 17, 2016	93	207
June 16, 2016	151	369
June 15, 2016	180	394
June 14, 2016	84	141
June 13, 2016	78	133
June 12, 2016	32	58
June 11, 2016	22	29
June 10, 2016	21	22
June 9, 2016	12	19
June 8, 2016	21	29
June 7, 2016	30	44
June 6, 2016	28	43
June 5, 2016	33	42
June 4, 2016	10	14
June 3, 2016	24	29
June 2, 2016	18	33
June 1, 2016	38	66
May 31, 2016	23	39
May 30, 2016	28	35
May 29, 2016	19	39
May 28, 2016	18	80
May 27, 2016	28	38
May 26, 2016	26	43
May 25, 2016	54	136
May 24, 2016	57	190
May 23, 2016	33	65
May 22, 2016	18	38
May 21, 2016	34	59
May 20, 2016	37	93
May 19, 2016	56	196
May 18, 2016	51	82
May 17, 2016	53	134
May 16, 2016	52	107
May 15, 2016	28	68
May 14, 2016	39	82
May 13, 2016	57	97
May 12, 2016	42	61
May 11, 2016	34	68
May 10, 2016	54	103
May 9, 2016	44	80
May 8, 2016	30	76
May 7, 2016	22	49
May 6, 2016	73	155
May 5, 2016	70	123
May 4, 2016	97	167
May 3, 2016	146	285
May 2, 2016	49	214
May 1, 2016	33	57
April 30, 2016	21	74
April 29, 2016	59	134
April 28, 2016	46	68
April 27, 2016	34	75
April 26, 2016	44	89
April 25, 2016	28	43
April 24, 2016	31	87
April 23, 2016	20	28
April 22, 2016	19	31
April 21, 2016	22	34
April 20, 2016	17	37
April 19, 2016	32	38
April 18, 2016	22	33
April 17, 2016	21	51
April 16, 2016	28	40
April 15, 2016	26	63
April 14, 2016	33	35
April 13, 2016	35	52
April 12, 2016	90	157
April 11, 2016	34	60
April 10, 2016	23	42
April 9, 2016	16	21
April 8, 2016	38	76
April 7, 2016	50	399
April 6, 2016	50	88
April 5, 2016	28	56
April 4, 2016	12	13
April 3, 2016	14	18
April 2, 2016	18	184
April 1, 2016	37	102
March 31, 2016	31	49
March 30, 2016	53	108
March 29, 2016	36	79
March 28, 2016	38	70
March 27, 2016	8	10
March 26, 2016	7	7
March 25, 2016	8	8
March 24, 2016	8	9
March 23, 2016	11	15
March 22, 2016	8	8
March 21, 2016	12	15
March 20, 2016	9	9
March 19, 2016	3	3
March 18, 2016	12	12
March 17, 2016	8	8
March 16, 2016	17	21
March 15, 2016	20	20
March 14, 2016	26	79
March 13, 2016	8	14
March 12, 2016	14	17
March 11, 2016	41	62
March 10, 2016	95	117
March 9, 2016	57	75
March 8, 2016	88	128
March 7, 2016	28	60
March 6, 2016	9	9
March 5, 2016	3	4
March 4, 2016	9	10
March 3, 2016	12	61
March 2, 2016	3	10
March 1, 2016	4	4
February 29, 2016	3	3
February 28, 2016	3	5
February 27, 2016	0	0
February 26, 2016	8	11
February 25, 2016	1	1
February 24, 2016	0	0
February 23, 2016	3	3
February 22, 2016	3	3
February 21, 2016	3	9
February 20, 2016	2	2
February 19, 2016	1	5
February 18, 2016	1	1
February 17, 2016	2	2
February 16, 2016	3	3
February 15, 2016	1	1
February 14, 2016	3	10
February 13, 2016	2	6
February 12, 2016	3	3
February 11, 2016	1	1
February 10, 2016	1	1
February 9, 2016	2	11
February 8, 2016	0	0
February 7, 2016	2	3
February 6, 2016	1	1
February 5, 2016	0	0
February 4, 2016	1	1
February 3, 2016	3	3
February 2, 2016	5	5
February 1, 2016	6	13
January 31, 2016	1	1
January 30, 2016	1	1
January 29, 2016	2	3
January 28, 2016	1	1
January 27, 2016	8	10
January 26, 2016	5	5
January 25, 2016	7	18
January 24, 2016	1	1
January 23, 2016	4	4
January 22, 2016	5	6
January 21, 2016	5	7
January 20, 2016	10	34
January 19, 2016	6	9
January 18, 2016	9	17
January 17, 2016	4	5
January 16, 2016	6	17
January 15, 2016	11	18
January 14, 2016	13	19
January 13, 2016	11	15
January 12, 2016	6	9
January 11, 2016	11	21
January 10, 2016	12	24
January 9, 2016	27	62
January 8, 2016	22	50
January 7, 2016	11	24
January 6, 2016	25	76
January 5, 2016	29	138
January 4, 2016	105	343
January 3, 2016	52	152
January 2, 2016	51	186
January 1, 2016	20	81
December 31, 2015	56	414
December 30, 2015	55	304
December 29, 2015	57	321
December 28, 2015	55	273
December 27, 2015	113	662
December 26, 2015	103	392
December 25, 2015	63	210
December 24, 2015	44	66
December 23, 2015	3	4
December 22, 2015	3	28
December 21, 2015	14	26
December 20, 2015	9	38
December 19, 2015	6	7
December 18, 2015	7	10
December 17, 2015	13	17
